239 239 239 239 239 239 239 239 239 239 239 239 239 239 239 239
239 239 239 239 239 239 239 239 239 239 239 239 239 239 239 239
239 239 239 239 239   0 239 239   1 239 239   2 239 239 239 239
239 239 239 239 239   1   1   1   1   1   1   1 239 239 239 239
239 239 239   1 239   1   1   1   1   1   1   1 239   1 239 239
239 239 239   1   1   0   1   1   1   1   1   1   1   1 239 239
239 239 239 239   1   1   1   1   1   1   1   1   1 239 239 239
239 239   1   1   1   1   1   1 239   1   1   1   1   1   1 239
239 239   1   1   1   1   1   1 239   1   1   1   1   1   1 239
239 239 239 239   0   1   1   1   1   1   1   1   1 239 239 239
239 239 239   1   1   1   1   1   0   1   1   1   1   1 239 239
239 239 239   1 171   1   1   1   1   0   1   1 181   1 239 239
239 239 239 239 239   1   1   1   1   1   1   1 239 239 239 239
239 239 239 239 239   1 239 239   1 239 224   1 239 239 239 239
239 239 239 239 239 239 239 239   0 239 239 239 239 239 239 239
239 239 239 239 239 239 239 239 239 239 239 239 239 239 239 239
239 239 239 239 239 239 239 239 239 239 239 239 239 239 239 239
239 239 239 239 239 239 239 239 239 239 239 239 239 239 239 239
239 239 239 239 239   0 239 239   1 239 239   2 239 239 239 239
239 239 239 239 239   1   1   1   1   1   1   1 239 239 239 239
239 239 239   1 239   1   1   1   1   1   1   1 239   1 239 239
239 239 239   1   1   0   1   1   1   1   1   1   1   1 239 239
239 239 239 239   1   1   1   1   1   1   1   1   1 239 239 239
239 239   1   1   1   1   1   1 239   1   1   1   1   1   1 239
239 239   1   1   1   1   1   1 239   1   1   1   1   1   1 239
239 239 239 239   0   1   1   1   1   1   1   1   1 239 239 239
239 239 239   1   1   1   1   1   0   1   1   1   1   1 239 239
239 239 239   1 171   1   1   1   1   0   1   1 181   1 239 239
239 239 239 239 239   1   1   1   1   1   1   1 239 239 239 239
239 239 239 239 239   1 239 239   1 239 224   1 239 239 239 239
239 239 239 239 239 239 239 239   0 239 239 239 239 239 239 239
239 239 239 239 239 239 239 239 239 239 239 239 239 239 239 239
239 239 239 239 239 239 239 239 239 239 239 239 239 239 239 239
239 239 239 239 239 239 239 239 239 239 239 239 239 239 239 239
239 239 239 239 239   0 239 239   1 239 239   2 239 239 239 239
239 239 239 239 239   1   1   1   1   1   1   1 239 239 239 239
239 239 239   1 239   1   1   1   1   1   1   1 239   1 239 239
239 239 239   1   1   0   1   1   1   1   1   1   1   1 239 239
239 239 239 239   1   1   1   1   1   1   1   1   1 239 239 239
239 239   1   1   1   1   1   1 239   1   1   1   1   1   1 239
239 239   1   1   1   1   1   1 239   1   1   1   1   1   1 239
239 239 239 239   0   1   1   1   1   1   1   1   1 239 239 239
239 239 239   1   1   1   1   1   0   1   1   1   1   1 239 239
239 239 239   1 171   1   1   1   1   0   1   1 181   1 239 239
239 239 239 239 239   1   1   1   1   1   1   1 239 239 239 239
239 239 239 239 239   1 239 239   1 239 224   1 239 239 239 239
239 239 239 239 239 239 239 239   0 239 239 239 239 239 239 239
239 239 239 239 239 239 239 239 239 239 239 239 239 239 239 239

239 239 239 239 239 239 239 239 239 239 239 239 239 239 239 239
239 239 239 239 239 239 239   1   1 239 239 239 239 239 239 239
239 239 239 239   1   1 239   1   1 239   1   1 239 239 239 239
239 239 239 239 239   1   1   1   1   1   1 181 239 239 239 239
239 239   2   1   1   1   1   1   1   1   1   1   1   1 239 239
239 239 239   1   1   1   1   1   1   1   1   1   1 224 239 239
239 239 239   1   1   1   1   1   1   1   1   0   1 239 239 239
239 239   1   1   1   1   1 239 239   1   0   1   1   1   0 239
239 239 239   1   1   1   1   1   1   1   1   1   1 239 239 239
239 239 239   1   1   1   1   1   1   1   1   1   1 239 239 239
239 239   0   1   1   0   1   1   1   1   1   1   1   1 239 239
239 239 239 239 239   1   1   1   1   0   1 171 239 239 239 239
239 239 239 239   1   1 239   1   1 239   1   1 239 239 239 239
239 239 239 239 239 239 239   1   1 239 239 239 239 239 239 239
239 239 239 239 239 239 239 239 239 239 239 239 239 239 239 239
239 239 239 239 239 239 239 239 239 239 239 239 239 239 239 239
239 239 239 239 239 239 239 239 239 239 239 239 239 239 239 239
239 239 239 239 239 239 239   1   1 239 239 239 239 239 239 239
239 239 239 239   1   1 239   1   1 239   1   1 239 239 239 239
239 239 239 239 239   1   1   1   1   1   1 181 239 239 239 239
239 239   2   1   1   1   1   1   1   1   1   1   1   1 239 239
239 239 239   1   1   1   1   1   1   1   1   1   1 224 239 239
239 239 239   1   1   1   1   1   1   1   1   0   1 239 239 239
239 239   1   1   1   1   1 239 239   1   0   1   1   1   0 239
239 239 239   1   1   1   1   1   1   1   1   1   1 239 239 239
239 239 239   1   1   1   1   1   1   1   1   1   1 239 239 239
239 239   0   1   1   0   1   1   1   1   1   1   1   1 239 239
239 239 239 239 239   1   1   1   1   0   1 171 239 239 239 239
239 239 239 239   1   1 239   1   1 239   1   1 239 239 239 239
239 239 239 239 239 239 239   1   1 239 239 239 239 239 239 239
239 239 239 239 239 239 239 239 239 239 239 239 239 239 239 239
239 239 239 239 239 239 239 239 239 239 239 239 239 239 239 239
239 239 239 239 239 239 239 239 239 239 239 239 239 239 239 239
239 239 239 239 239 239 239   1   1 239 239 239 239 239 239 239
239 239 239 239   1   1 239   1   1 239   1   1 239 239 239 239
239 239 239 239 239   1   1   1   1   1   1 181 239 239 239 239
239 239   2   1   1   1   1   1   1   1   1   1   1   1 239 239
239 239 239   1   1   1   1   1   1   1   1   1   1 224 239 239
239 239 239   1   1   1   1   1   1   1   1   0   1 239 239 239
239 239   1   1   1   1   1 239 239   1   0   1   1   1   0 239
239 239 239   1   1   1   1   1   1   1   1   1   1 239 239 239
239 239 239   1   1   1   1   1   1   1   1   1   1 239 239 239
239 239   0   1   1   0   1   1   1   1   1   1   1   1 239 239
239 239 239 239 239   1   1   1   1   0   1 171 239 239 239 239
239 239 239 239   1   1 239   1   1 239   1   1 239 239 239 239
239 239 239 239 239 239 239   1   1 239 239 239 239 239 239 239
239 239 239 239 239 239 239 239 239 239 239 239 239 239 239 239
239 239 239 239 239 239 239 239 239 239 239 239 239 239 239 239

239 239 239 239 239 239 239 239 239 239 239 239 239 239 239 239
239 239 239 239 239 239 239   0 239 239 239 239 239 239 239 239
239 239 239 239   1 224 239   1 239 239   1 239 239 239 239 239
239 239 239 239   1   1   1   1   1   1   1 239 239 239 239 239
239 239   1 181   1   1   0   1   1   1   1 171   1 239 239 239
239 239   1   1   1   1   1   0   1   1   1   1   1 239 239 239
239 239 239   1   1   1   1   1   1   1   1   0 239 239 239 239
239   1   1   1   1   1   1 239   1   1   1   1   1   1 239 239
239   1   1   1   1   1   1 239   1   1   1   1   1   1 239 239
239 239 239   1   1   1   1   1   1   1   1   1 239 239 239 239
239 239   1   1   1   1   1   1   1   1   0   1   1 239 239 239
239 239   1 239   1   1   1   1   1   1   1 239   1 239 239 239
239 239 239 239   1   1   1   1   1   1   1 239 239 239 239 239
239 239 239 239   2 239 239   1 239 239   0 239 239 239 239 239
239 239 239 239 239 239 239 239 239 239 239 239 239 239 239 239
239 239 239 239 239 239 239 239 239 239 239 239 239 239 239 239
239 239 239 239 239 239 239 239 239 239 239 239 239 239 239 239
239 239 239 239 239 239 239   0 239 239 239 239 239 239 239 239
239 239 239 239   1 224 239   1 239 239   1 239 239 239 239 239
239 239 239 239   1   1   1   1   1   1   1 239 239 239 239 239
239 239   1 181   1   1   0   1   1   1   1 171   1 239 239 239
239 239   1   1   1   1   1   0   1   1   1   1   1 239 239 239
239 239 239   1   1   1   1   1   1   1   1   0 239 239 239 239
239   1   1   1   1   1   1 239   1   1   1   1   1   1 239 239
239   1   1   1   1   1   1 239   1   1   1   1   1   1 239 239
239 239 239   1   1   1   1   1   1   1   1   1 239 239 239 239
239 239   1   1   1   1   1   1   1   1   0   1   1 239 239 239
239 239   1 239   1   1   1   1   1   1   1 239   1 239 239 239
239 239 239 239   1   1   1   1   1   1   1 239 239 239 239 239
239 239 239 239   2 239 239   1 239 239   0 239 239 239 239 239
239 239 239 239 239 239 239 239 239 239 239 239 239 239 239 239
239 239 239 239 239 239 239 239 239 239 239 239 239 239 239 239
239 239 239 239 239 239 239 239 239 239 239 239 239 239 239 239
239 239 239 239 239 239 239   0 239 239 239 239 239 239 239 239
239 239 239 239   1 224 239   1 239 239   1 239 239 239 239 239
239 239 239 239   1   1   1   1   1   1   1 239 239 239 239 239
239 239   1 181   1   1   0   1   1   1   1 171   1 239 239 239
239 239   1   1   1   1   1   0   1   1   1   1   1 239 239 239
239 239 239   1   1   1   1   1   1   1   1   0 239 239 239 239
239   1   1   1   1   1   1 239   1   1   1   1   1   1 239 239
239   1   1   1   1   1   1 239   1   1   1   1   1   1 239 239
239 239 239   1   1   1   1   1   1   1   1   1 239 239 239 239
239 239   1   1   1   1   1   1   1   1   0   1   1 239 239 239
239 239   1 239   1   1   1   1   1   1   1 239   1 239 239 239
239 239 239 239   1   1   1   1   1   1   1 239 239 239 239 239
239 239 239 239   2 239 239   1 239 239   0 239 239 239 239 239
239 239 239 239 239 239 239 239 239 239 239 239 239 239 239 239
239 239 239 239 239 239 239 239 239 239 239 239 239 239 239 239

239 239 239 239 239 239 239 239 239 239 239 239 239 239 239 239
239 239 239 239 239 239 239 239 239 239 239 239 239 239 239 239
239 239 239 239 239 239 239   1   1 239 239 239 239 239 239 239
239 239 239 239   1   1 239   1   1 239   1   1 239 239 239 239
239 239 239 239 171   1   0   1   1   1   1 239 239 239 239 239
239 239   1   1   1   1   1   1   1   1   0   1   1   0 239 239
239 239 239   1   1   1   1   1   1   1   1   1   1 239 239 239
239 239 239   1   1   1   1   1   1   1   1   1   1 239 239 239
239   0   1   1   1   0   1 239 239   1   1   1   1   1 239 239
239 239 239   1   0   1   1   1   1   1   1   1   1 239 239 239
239 239 224   1   1   1   1   1   1   1   1   1   1 239 239 239
239 239   1   1   1   1   1   1   1   1   1   1   1   2 239 239
239 239 239 239 181   1   1   1   1   1   1 239 239 239 239 239
239 239 239 239   1   1 239   1   1 239   1   1 239 239 239 239
239 239 239 239 239 239 239   1   1 239 239 239 239 239 239 239
239 239 239 239 239 239 239 239 239 239 239 239 239 239 239 239
239 239 239 239 239 239 239 239 239 239 239 239 239 239 239 239
239 239 239 239 239 239 239 239 239 239 239 239 239 239 239 239
239 239 239 239 239 239 239   1   1 239 239 239 239 239 239 239
239 239 239 239   1   1 239   1   1 239   1   1 239 239 239 239
239 239 239 239 171   1   0   1   1   1   1 239 239 239 239 239
239 239   1   1   1   1   1   1   1   1   0   1   1   0 239 239
239 239 239   1   1   1   1   1   1   1   1   1   1 239 239 239
239 239 239   1   1   1   1   1   1   1   1   1   1 239 239 239
239   0   1   1   1   0   1 239 239   1   1   1   1   1 239 239
239 239 239   1   0   1   1   1   1   1   1   1   1 239 239 239
239 239 224   1   1   1   1   1   1   1   1   1   1 239 239 239
239 239   1   1   1   1   1   1   1   1   1   1   1   2 239 239
239 239 239 239 181   1   1   1   1   1   1 239 239 239 239 239
239 239 239 239   1   1 239   1   1 239   1   1 239 239 239 239
239 239 239 239 239 239 239   1   1 239 239 239 239 239 239 239
239 239 239 239 239 239 239 239 239 239 239 239 239 239 239 239
239 239 239 239 239 239 239 239 239 239 239 239 239 239 239 239
239 239 239 239 239 239 239 239 239 239 239 239 239 239 239 239
239 239 239 239 239 239 239   1   1 239 239 239 239 239 239 239
239 239 239 239   1   1 239   1   1 239   1   1 239 239 239 239
239 239 239 239 171   1   0   1   1   1   1 239 239 239 239 239
239 239   1   1   1   1   1   1   1   1   0   1   1   0 239 239
239 239 239   1   1   1   1   1   1   1   1   1   1 239 239 239
239 239 239   1   1   1   1   1   1   1   1   1   1 239 239 239
239   0   1   1   1   0   1 239 239   1   1   1   1   1 239 239
239 239 239   1   0   1   1   1   1   1   1   1   1 239 239 239
239 239 224   1   1   1   1   1   1   1   1   1   1 239 239 239
239 239   1   1   1   1   1   1   1   1   1   1   1   2 239 239
239 239 239 239 181   1   1   1   1   1   1 239 239 239 239 239
239 239 239 239   1   1 239   1   1 239   1   1 239 239 239 239
239 239 239 239 239 239 239   1   1 239 239 239 239 239 239 239
239 239 239 239 239 239 239 239 239 239 239 239 239 239 239 239
